43515: 12477,8329,22709
43515: 12942,30573
87030: 12786,50247,12047,11950
87030: 12026,50353,12567,12084
174059: 100339,45399,28321
174059: 98352,26048,25299,24360
174059: 98162,25558,24182,26157
469957: 65728,68665,67989,267575
469957: 265820,67709,70699,65729
469957: 65752,68871,265780,69554
671367: 13564,97277,83385,374822,102319
671367: 94525,374971,104392,97479
671367: 114553,140548,416266
939914: 131484,136864,134595,536971
939914: 131312,537888,134291,136423
939914: 536524,137300,131507,134583